0 -> 1,50
1 -> 15,18,22,3,313,363,7
10 -> 33,4,60
100 -> 370,62
1000 -> 1086,876
1001 -> 1000,1937
1002 -> 1001
1003 -> 1004
1004 -> 592
1005 -> 1003
1006 -> 1008
1007 -> 1006
1008 -> 941
1009 -> 1429,643
101 -> 100,1330
1010 -> 1011,1105
1011 -> 1009
1012 -> 1013
1013 -> 851
1014 -> 1012
1015 -> 1017
1016 -> 135
1017 -> 1016,1182,1879
1018 -> 1019
1019 -> 907
102 -> 101
1020 -> 1018
1021 -> 480
1022 -> 1023
1023 -> 1021,2169,2265
1024 -> 2310,767
1025 -> 1026,2639
1026 -> 1024
1027 -> 1028
1028 -> 258
1029 -> 1027,1034,1153
103 -> 1161,15,436,960
1030 -> 1031
1031 -> 2591,2867,727
1032 -> 1030
1033 -> 1029
1034 -> 1035,1139
1035 -> 1033
1036 -> 1534,652
1037 -> 1036
1038 -> 1037
1039 -> 1859,425
104 -> 105,123,1560,449
1040 -> 1039
1041 -> 1040
1042 -> 1043
1043 -> 490
1044 -> 1042
1045 -> 1047
1046 -> 1045,1117
1047 -> 617
1048 -> 1049
1049 -> 1050
105 -> 103,1136,188,483
1050 -> 742
1051 -> 1052
1052 -> 183
1053 -> 1051
1054 -> 776
1055 -> 1056
1056 -> 1054,1837
1057 -> 1059,2087
1058 -> 1057
1059 -> 1533,374
106 -> 107
1060 -> 1061
1061 -> 1062
1062 -> 432
1063 -> 636
1064 -> 1065,1682
1065 -> 1063
1066 -> 1067
1067 -> 1068
1068 -> 473
1069 -> 1071,1427
107 -> 108,2297
1070 -> 202
1071 -> 1070
1072 -> 1074
1073 -> 1072,2962
1074 -> 584
1075 -> 1077
1076 -> 1075
1077 -> 1474,2238,52
1078 -> 319
1079 -> 1078
108 -> 138,39
1080 -> 1079
1081 -> 1082
1082 -> 448
1083 -> 1081
1084 -> 1085
1085 -> 1000
1086 -> 1084
1087 -> 1088
1088 -> 1089
1089 -> 36
109 -> 59
1090 -> 1092
1091 -> 116
1092 -> 1091,1215,2064,2465
1093 -> 1094,2993
1094 -> 1095
1095 -> 1770,46
1096 -> 1097
1097 -> 1303,882
1098 -> 1096
1099 -> 1101
11 -> 10,1425,397,831
110 -> 111
1100 -> 2110,85
1101 -> 1100,1249
1102 -> 1104,2799
1103 -> 756
1104 -> 1103
1105 -> 1107,1344
1106 -> 1010
1107 -> 1106
1108 -> 1109
1109 -> 412
111 -> 109
1110 -> 1108
1111 -> 1113
1112 -> 1111
1113 -> 823
1114 -> 1115,1542
1115 -> 345
1116 -> 1114
1117 -> 1119
1118 -> 1046
1119 -> 1118
112 -> 114
1120 -> 953
1121 -> 1120
1122 -> 1121,1980
1123 -> 1125,2107
1124 -> 1123
1125 -> 124
1126 -> 1127
1127 -> 1128
1128 -> 610
1129 -> 1131
113 -> 270,418,55,696
1130 -> 1129
1131 -> 1170,1834,216
1132 -> 1133
1133 -> 1134
1134 -> 596
1135 -> 105,2527
1136 -> 1137
1137 -> 1135,2163
1138 -> 1140
1139 -> 1138
114 -> 113
1140 -> 1034
1141 -> 1142
1142 -> 420
1143 -> 1141,2122
1144 -> 1145
1145 -> 2653,378
1146 -> 1144
1147 -> 263
1148 -> 1147,1894
1149 -> 1148
115 -> 117,155,198
1150 -> 478
1151 -> 1152,1468
1152 -> 1150
1153 -> 1155
1154 -> 1029
1155 -> 1154
1156 -> 1158
1157 -> 1156
1158 -> 2120,734
1159 -> 103
116 -> 1090,115,126,1309
1160 -> 1159
1161 -> 1160
1162 -> 1163
1163 -> 1164,1584
1164 -> 550
1165 -> 1167
1166 -> 45
1167 -> 1166
1168 -> 1131
1169 -> 1168
117 -> 2715,394,92
1170 -> 1169
1171 -> 1173
1172 -> 808
1173 -> 1172
1174 -> 1176
1175 -> 1174
1176 -> 39
1177 -> 875
1178 -> 1177
1179 -> 1178
118 -> 119,146,2612,318,387
1180 -> 1017
1181 -> 1180
1182 -> 1181
1183 -> 1185
1184 -> 90
1185 -> 1184,1662
1186 -> 2040,2443,893
1187 -> 1188
1188 -> 1186,2429
1189 -> 832
119 -> 120,1245,1488
1190 -> 1189,1395
1191 -> 1190
1192 -> 1193,2511
1193 -> 1194
1194 -> 1279,1539,863
1195 -> 684
1196 -> 1197
1197 -> 1195,1729
1198 -> 1200
1199 -> 1198
12 -> 11
120 -> 57
1200 -> 676
1201 -> 1202
1202 -> 1203
1203 -> 483
1204 -> 1206
1205 -> 1204,1577,2016
1206 -> 831
1207 -> 1208
1208 -> 1209
1209 -> 126
121 -> 122,210,2973,560
1210 -> 1211
1211 -> 1212
1212 -> 1446,627
1213 -> 1214,1764
1214 -> 1092,2078
1215 -> 1213
1216 -> 1218
1217 -> 1216,1592
1218 -> 901
1219 -> 1220
122 -> 104,567
1220 -> 1221,1949
1221 -> 23
1222 -> 274
1223 -> 1222
1224 -> 1223
1225 -> 1227,2659
1226 -> 356
1227 -> 1226
1228 -> 1229
1229 -> 1230
123 -> 121,165,2416
1230 -> 692
1231 -> 1232,2160
1232 -> 1233
1233 -> 938
1234 -> 1235,1663
1235 -> 1236
1236 -> 982
1237 -> 1238
1238 -> 1590,2404,729
1239 -> 1237
124 -> 1124,116,837
1240 -> 1242,1702
1241 -> 1454,1912,891
1242 -> 1241
1243 -> 1244
1244 -> 119
1245 -> 1243
1246 -> 1248
1247 -> 671
1248 -> 1247,2318
1249 -> 1250
125 -> 124,443
1250 -> 1251,1863
1251 -> 1101
1252 -> 1253
1253 -> 245
1254 -> 1252
1255 -> 654
1256 -> 1255
1257 -> 1256
1258 -> 73
1259 -> 1260,1273
126 -> 1207,125,2069
1260 -> 1258
1261 -> 1262,1600
1262 -> 756
1263 -> 1261
1264 -> 1265
1265 -> 383
1266 -> 1264,1495
1267 -> 1269
1268 -> 791
1269 -> 1268,1321
127 -> 1815,212,220,246,40
1270 -> 1271,1375
1271 -> 1272
1272 -> 485
1273 -> 1274
1274 -> 1275
1275 -> 1259,1872,2875
1276 -> 1278
1277 -> 2177,631
1278 -> 1277
1279 -> 1281
128 -> 127,179
1280 -> 1194
1281 -> 1280
1282 -> 1284,1387
1283 -> 1282
1284 -> 321
1285 -> 1287
1286 -> 2563,459
1287 -> 1286
1288 -> 1290
1289 -> 1288
129 -> 128,159,970
1290 -> 784
1291 -> 1292
1292 -> 1293
1293 -> 363
1294 -> 586
1295 -> 1296
1296 -> 1294,2423,2434
1297 -> 1299
1298 -> 6
1299 -> 1298
13 -> 1,486
130 -> 132,892
1300 -> 1302
1301 -> 1300
1302 -> 911
1303 -> 1304,1958
1304 -> 1305
1305 -> 1097
1306 -> 468
1307 -> 1306
1308 -> 1307
1309 -> 1310
131 -> 130
1310 -> 1311
1311 -> 116
1312 -> 1313
1313 -> 1314
1314 -> 735
1315 -> 1316,1421
1316 -> 477
1317 -> 1315
1318 -> 716
1319 -> 1318
132 -> 647,91
1320 -> 1319
1321 -> 1323
1322 -> 1269
1323 -> 1322
1324 -> 244
1325 -> 1324,2893
1326 -> 1325,2704
1327 -> 1328
1328 -> 854
1329 -> 1327
133 -> 1717,67
1330 -> 1332
1331 -> 101
1332 -> 1331
1333 -> 1335
1334 -> 1333
1335 -> 717
1336 -> 1337
1337 -> 621
1338 -> 1336
1339 -> 1340
134 -> 135,170,2965
1340 -> 162
1341 -> 1339
1342 -> 1105
1343 -> 1342
1344 -> 1343
1345 -> 1346,1434,1996
1346 -> 1347
1347 -> 834
1348 -> 1350
1349 -> 720
135 -> 1015,133,1571,1824
1350 -> 1349
1351 -> 55
1352 -> 1351
1353 -> 1352
1354 -> 1356
1355 -> 743
1356 -> 1355,2085,2822
1357 -> 1359
1358 -> 1357
1359 -> 29
136 -> 108,2067
1360 -> 1362
1361 -> 934
1362 -> 1361
1363 -> 1365
1364 -> 1363
1365 -> 244
1366 -> 1368
1367 -> 1366,1974
1368 -> 378
1369 -> 1370,2850
137 -> 136,181
1370 -> 1371,1520
1371 -> 415
1372 -> 1373,1456
1373 -> 861
1374 -> 1372
1375 -> 1376
1376 -> 1377
1377 -> 1270
1378 -> 546
1379 -> 1378
138 -> 137
1380 -> 1379
1381 -> 1382,2537
1382 -> 1383,2326
1383 -> 51
1384 -> 1386
1385 -> 1384
1386 -> 89
1387 -> 1389
1388 -> 1282
1389 -> 1388,1517
139 -> 140
1390 -> 1392,1919
1391 -> 2802,986
1392 -> 1391,1994
1393 -> 1394
1394 -> 1190
1395 -> 1393
1396 -> 1397,1971
1397 -> 1398
1398 -> 702
1399 -> 1603,1982,723
14 -> 13,193,25
140 -> 141,728
1400 -> 1399
1401 -> 1400
1402 -> 1403
1403 -> 1404
1404 -> 1667,170
1405 -> 1406
1406 -> 1407
1407 -> 292
1408 -> 1410
1409 -> 1408
141 -> 73
1410 -> 2179,2210,603
1411 -> 598
1412 -> 1413
1413 -> 1411
1414 -> 1415
1415 -> 920
1416 -> 1414
1417 -> 1418,1700
1418 -> 1419
1419 -> 826
142 -> 5
1420 -> 1422
1421 -> 1420
1422 -> 1315
1423 -> 11
1424 -> 1423,2203
1425 -> 1424
1426 -> 1069,1761
1427 -> 1428
1428 -> 1426
1429 -> 1431
143 -> 142,235
1430 -> 1009
1431 -> 1430
1432 -> 1345
1433 -> 1432
1434 -> 1433
1435 -> 1437,1806
1436 -> 830
1437 -> 1436,1462,2677
1438 -> 953
1439 -> 1438
144 -> 143
1440 -> 1439
1441 -> 60
1442 -> 1443
1443 -> 1441
1444 -> 1212
1445 -> 1444
1446 -> 1445
1447 -> 622
1448 -> 1449
1449 -> 1447
145 -> 147,228
1450 -> 1451
1451 -> 212
1452 -> 1450
1453 -> 1455
1454 -> 1453
1455 -> 1241,1687
1456 -> 1457,1555
1457 -> 1458,1644,2323
1458 -> 1372,2539
1459 -> 448
146 -> 145,305
1460 -> 1461
1461 -> 1459
1462 -> 1464
1463 -> 1437
1464 -> 1463
1465 -> 2134,987
1466 -> 1467
1467 -> 1465
1468 -> 1469,2272
1469 -> 1470,2043
147 -> 118,683
1470 -> 1151
1471 -> 883
1472 -> 1471
1473 -> 1472,1508
1474 -> 1475
1475 -> 1476
1476 -> 1077
1477 -> 1479
1478 -> 182,2825
1479 -> 1478
148 -> 150,2286,627,981
1480 -> 1481
1481 -> 1482
1482 -> 710
1483 -> 1484,2703
1484 -> 1485
1485 -> 449
1486 -> 1487
1487 -> 119,1498
1488 -> 1486
1489 -> 1491,2587
149 -> 148,1513,957
1490 -> 1489
1491 -> 421
1492 -> 1493
1493 -> 867
1494 -> 1492
1495 -> 1497
1496 -> 1266
1497 -> 1496
1498 -> 1499
1499 -> 1500
15 -> 104,14,342
150 -> 71
1500 -> 1487
1501 -> 28
1502 -> 1501
1503 -> 1502,2978
1504 -> 1505,1723
1505 -> 702
1506 -> 1504
1507 -> 1473,1891
1508 -> 1509
1509 -> 1507
151 -> 153
1510 -> 1655,462
1511 -> 1512,1672,2503
1512 -> 1510
1513 -> 1515,1928
1514 -> 149,1623,2630
1515 -> 1514
1516 -> 1389
1517 -> 1518
1518 -> 1516
1519 -> 1521,2728
152 -> 151,1552
1520 -> 1519
1521 -> 1370
1522 -> 1524
1523 -> 1573,794
1524 -> 1523
1525 -> 1527
1526 -> 1525
1527 -> 347
1528 -> 1530
1529 -> 570
153 -> 9
1530 -> 1529,1776
1531 -> 1532
1532 -> 1059
1533 -> 1531
1534 -> 1536
1535 -> 1036
1536 -> 1535
1537 -> 1194
1538 -> 1537
1539 -> 1538
154 -> 156
1540 -> 1541
1541 -> 1114
1542 -> 1540,2987
1543 -> 1544
1544 -> 807
1545 -> 1543
1546 -> 1548
1547 -> 1546
1548 -> 657
1549 -> 451
155 -> 154
1550 -> 1549
1551 -> 1550
1552 -> 1553
1553 -> 1554
1554 -> 152,1617,1670
1555 -> 1557
1556 -> 1456
1557 -> 1556,1647
1558 -> 1559
1559 -> 104
156 -> 115
1560 -> 1558
1561 -> 1562
1562 -> 675
1563 -> 1561
1564 -> 2558,776
1565 -> 1566
1566 -> 1564,2144
1567 -> 1568,2192
1568 -> 686
1569 -> 1567
157 -> 129,161,2353
1570 -> 1572,1803
1571 -> 1570
1572 -> 135
1573 -> 1575,2777
1574 -> 1523
1575 -> 1574
1576 -> 1205,1598
1577 -> 1578
1578 -> 1576
1579 -> 1581
158 -> 157,215
1580 -> 1965,883
1581 -> 1580
1582 -> 1583
1583 -> 1163,1610
1584 -> 1582
1585 -> 215
1586 -> 1587,1888
1587 -> 1585
1588 -> 1589
1589 -> 1238,2724
159 -> 158
1590 -> 1588
1591 -> 1217
1592 -> 1593
1593 -> 1591,1594
1594 -> 1595
1595 -> 1596
1596 -> 1593
1597 -> 1576
1598 -> 1599,2137
1599 -> 1597
16 -> 17
160 -> 157
1600 -> 1602
1601 -> 1261
1602 -> 1601
1603 -> 1604
1604 -> 1605,2791
1605 -> 1399
1606 -> 1608
1607 -> 282
1608 -> 1607
1609 -> 1583
161 -> 162,1788
1610 -> 1611
1611 -> 1609
1612 -> 1613
1613 -> 76
1614 -> 1612
1615 -> 1554
1616 -> 1615
1617 -> 1616
1618 -> 1620
1619 -> 1618
162 -> 1341,160
1620 -> 177
1621 -> 1514
1622 -> 1621
1623 -> 1622
1624 -> 1625
1625 -> 1626
1626 -> 762
1627 -> 712
1628 -> 1629
1629 -> 1627,1818
163 -> 164
1630 -> 719
1631 -> 1632
1632 -> 1630
1633 -> 870
1634 -> 1635
1635 -> 1633
1636 -> 568
1637 -> 1636
1638 -> 1637
1639 -> 1640
164 -> 123
1640 -> 911
1641 -> 1639
1642 -> 1643,1987
1643 -> 1457
1644 -> 1642,2073
1645 -> 1646,2194
1646 -> 1557,2578
1647 -> 1645,2054
1648 -> 1649
1649 -> 575
165 -> 163,1799,2300,523
1650 -> 1648
1651 -> 244
1652 -> 1651
1653 -> 1652
1654 -> 1656
1655 -> 1654
1656 -> 1510
1657 -> 1658,2197
1658 -> 1659
1659 -> 996
166 -> 168,2853
1660 -> 1661
1661 -> 1185
1662 -> 1660
1663 -> 1665
1664 -> 1234
1665 -> 1664
1666 -> 1668
1667 -> 1666
1668 -> 1404
1669 -> 1554
167 -> 166
1670 -> 1671,2515
1671 -> 1669
1672 -> 1674
1673 -> 1511
1674 -> 1673,1825
1675 -> 1677
1676 -> 614
1677 -> 1676
1678 -> 2775,784
1679 -> 1678,2386
168 -> 90
1680 -> 1679
1681 -> 1064
1682 -> 1683
1683 -> 1681
1684 -> 187,2314
1685 -> 1684
1686 -> 1685
1687 -> 1689
1688 -> 1455,2132
1689 -> 1688
169 -> 134,2457,298
1690 -> 375
1691 -> 1690
1692 -> 1691
1693 -> 1694
1694 -> 1695
1695 -> 595
1696 -> 73
1697 -> 1696
1698 -> 1697
1699 -> 1417
17 -> 1,21,73
170 -> 1402,171,2213
1700 -> 1701
1701 -> 1699
1702 -> 1704
1703 -> 1240
1704 -> 1703
1705 -> 250
1706 -> 1707
1707 -> 1705,2104
1708 -> 1709
1709 -> 1710
171 -> 169
1710 -> 213,2294
1711 -> 805
1712 -> 1711,2000
1713 -> 1712
1714 -> 1715
1715 -> 953
1716 -> 1714
1717 -> 1718
1718 -> 1719
1719 -> 133
172 -> 64
1720 -> 1722
1721 -> 1720
1722 -> 342
1723 -> 1725
1724 -> 1504
1725 -> 1724
1726 -> 1727,2569
1727 -> 1728
1728 -> 716
1729 -> 1730
173 -> 172,1908,411
1730 -> 1731
1731 -> 1197,2507
1732 -> 1733
1733 -> 1734
1734 -> 501
1735 -> 1737,2291
1736 -> 1735
1737 -> 847
1738 -> 1740
1739 -> 1738
174 -> 173
1740 -> 791
1741 -> 1742
1742 -> 1743
1743 -> 404
1744 -> 1746,2200
1745 -> 1744,2888
1746 -> 223,2786
1747 -> 666
1748 -> 1747
1749 -> 1748,2216
175 -> 2753,539,596,85
1750 -> 304
1751 -> 1750
1752 -> 1751
1753 -> 1755
1754 -> 319
1755 -> 1754
1756 -> 1758
1757 -> 1756
1758 -> 345
1759 -> 1426
176 -> 177
1760 -> 1759,2390
1761 -> 1760
1762 -> 1763
1763 -> 1213
1764 -> 1762
1765 -> 1767
1766 -> 1765
1767 -> 453
1768 -> 1769
1769 -> 1095,1854
177 -> 1619,175
1770 -> 1768
1771 -> 278
1772 -> 1773
1773 -> 1771
1774 -> 1775
1775 -> 1530
1776 -> 1774
1777 -> 1778,2525
1778 -> 181
1779 -> 1777
178 -> 128,218
1780 -> 378
1781 -> 1780
1782 -> 1781,2446
1783 -> 1785
1784 -> 630
1785 -> 1784
1786 -> 1787,1850
1787 -> 161
1788 -> 1786
1789 -> 897
179 -> 180
1790 -> 1789
1791 -> 1790
1792 -> 1793
1793 -> 2478,365
1794 -> 1792
1795 -> 1796
1796 -> 529
1797 -> 1795
1798 -> 165
1799 -> 1800
18 -> 16
180 -> 178,256
1800 -> 1798
1801 -> 1802
1802 -> 1570
1803 -> 1801
1804 -> 1805
1805 -> 1435
1806 -> 1804,2748
1807 -> 1809,2881,2886
1808 -> 1807
1809 -> 2188,627
181 -> 1779,183
1810 -> 1811
1811 -> 1812
1812 -> 754
1813 -> 127
1814 -> 1813,2371
1815 -> 1814,1905,2362
1816 -> 1629
1817 -> 1816
1818 -> 1817
1819 -> 1820
182 -> 137,1477
1820 -> 1821
1821 -> 819
1822 -> 135
1823 -> 1822
1824 -> 1823
1825 -> 1827,2113
1826 -> 1674
1827 -> 1826
1828 -> 1874,407
1829 -> 1830,2731
183 -> 1053,182
1830 -> 1828
1831 -> 1833
1832 -> 1831,2174
1833 -> 2573,798
1834 -> 1836
1835 -> 1131
1836 -> 1835
1837 -> 1838
1838 -> 1839
1839 -> 1056
184 -> 2575,351,90
1840 -> 494
1841 -> 1842
1842 -> 1840
1843 -> 1844,1990
1844 -> 253
1845 -> 1843,2185
1846 -> 1847
1847 -> 1848
1848 -> 2919,55
1849 -> 1786
185 -> 186
1850 -> 1851
1851 -> 1849
1852 -> 1853
1853 -> 1769
1854 -> 1852
1855 -> 1856
1856 -> 596
1857 -> 1855
1858 -> 1860
1859 -> 1858
186 -> 184,2550,359,536
1860 -> 1039
1861 -> 1250
1862 -> 1861
1863 -> 1862
1864 -> 1866
1865 -> 538
1866 -> 1865
1867 -> 1868
1868 -> 1869,2410
1869 -> 2712,479
187 -> 105,1686,248,338
1870 -> 1275
1871 -> 1870,2103
1872 -> 1871
1873 -> 1828
1874 -> 1875
1875 -> 1873
1876 -> 1877
1877 -> 1878
1878 -> 752
1879 -> 1880
188 -> 189
1880 -> 1881,2251
1881 -> 1017
1882 -> 788
1883 -> 1884
1884 -> 1882
1885 -> 413
1886 -> 1887
1887 -> 1885
1888 -> 1889
1889 -> 1890
189 -> 187,2341,393,557
1890 -> 1586
1891 -> 1893,2142
1892 -> 1507
1893 -> 1892
1894 -> 1895,2859
1895 -> 1896
1896 -> 1148
1897 -> 1898
1898 -> 1899
1899 -> 595
19 -> 20,896
190 -> 192,2938
1900 -> 1901
1901 -> 1902,2061
1902 -> 684
1903 -> 1904
1904 -> 1815
1905 -> 1903,2681
1906 -> 1907
1907 -> 173
1908 -> 1906
1909 -> 1911
191 -> 190
1910 -> 501
1911 -> 1910
1912 -> 1914
1913 -> 1241
1914 -> 1913
1915 -> 1916
1916 -> 1917
1917 -> 973
1918 -> 1390
1919 -> 1920
192 -> 584,66
1920 -> 1918
1921 -> 843
1922 -> 1923
1923 -> 1921
1924 -> 429
1925 -> 1926
1926 -> 1924
1927 -> 1513,2599
1928 -> 1929,2727
1929 -> 1927,2044
193 -> 195,697
1930 -> 1932
1931 -> 2047,2225,849
1932 -> 1931,2522
1933 -> 651
1934 -> 1935
1935 -> 1933
1936 -> 1938
1937 -> 1936
1938 -> 1001
1939 -> 1941
194 -> 14,353,967
1940 -> 441
1941 -> 1940
1942 -> 1944,2095
1943 -> 812
1944 -> 1943
1945 -> 1946
1946 -> 1947
1947 -> 196
1948 -> 1220
1949 -> 1950
195 -> 194,2247,548
1950 -> 1948
1951 -> 1952
1952 -> 416
1953 -> 1951
1954 -> 302
1955 -> 1956
1956 -> 1954
1957 -> 1303
1958 -> 1959
1959 -> 1957,2392
196 -> 1945,197,261,290
1960 -> 1962
1961 -> 254
1962 -> 1961
1963 -> 1580
1964 -> 1963
1965 -> 1964
1966 -> 1968
1967 -> 274
1968 -> 1967
1969 -> 1970,2250
197 -> 115,751
1970 -> 1396
1971 -> 1969
1972 -> 1367
1973 -> 1972
1974 -> 1973
1975 -> 376
1976 -> 1977
1977 -> 1975
1978 -> 1122
1979 -> 1978
198 -> 196,602
1980 -> 1979
1981 -> 1399,2956
1982 -> 1983
1983 -> 1981
1984 -> 957
1985 -> 1984
1986 -> 1985
1987 -> 1989
1988 -> 1642
1989 -> 1988
199 -> 200,2256,2781
1990 -> 1991
1991 -> 1992
1992 -> 1843
1993 -> 1995
1994 -> 1993
1995 -> 1392,2928
1996 -> 1998
1997 -> 1345
1998 -> 1997
1999 -> 2001,2596
2 -> 0,30
20 -> 17,199,2094
200 -> 201,279
2000 -> 1999
2001 -> 1712
2002 -> 2788,324
2003 -> 2002,2222
2004 -> 2003
2005 -> 2007
2006 -> 894
2007 -> 2006
2008 -> 2009
2009 -> 2010
201 -> 20,415
2010 -> 242
2011 -> 2013
2012 -> 229
2013 -> 2012
2014 -> 2015
2015 -> 1205
2016 -> 2014
2017 -> 2019
2018 -> 853
2019 -> 2018,2233
202 -> 1069,204
2020 -> 2022
2021 -> 407
2022 -> 2021
2023 -> 2025
2024 -> 2023
2025 -> 233
2026 -> 480
2027 -> 2026
2028 -> 2027
2029 -> 2031
203 -> 202,459
2030 -> 2029
2031 -> 618
2032 -> 256
2033 -> 2032
2034 -> 2033
2035 -> 59
2036 -> 2037
2037 -> 2035
2038 -> 1186
2039 -> 2038
204 -> 26,301
2040 -> 2039
2041 -> 2042
2042 -> 1469,2554
2043 -> 2041
2044 -> 2045
2045 -> 2046
2046 -> 1929
2047 -> 2048,2259,2698
2048 -> 2049
2049 -> 1931
205 -> 207
2050 -> 2052
2051 -> 543
2052 -> 2051
2053 -> 2055
2054 -> 2053
2055 -> 1647
2056 -> 317
2057 -> 2058
2058 -> 2056
2059 -> 1901
206 -> 67
2060 -> 2059
2061 -> 2060,2687
2062 -> 1092
2063 -> 2062
2064 -> 2063
2065 -> 136,2347
2066 -> 2065
2067 -> 2066
2068 -> 126
2069 -> 2070
207 -> 206,413
2070 -> 2068
2071 -> 1644
2072 -> 2071
2073 -> 2072
2074 -> 2076
2075 -> 508
2076 -> 2075
2077 -> 2079
2078 -> 2077
2079 -> 1214
208 -> 121
2080 -> 2082
2081 -> 492
2082 -> 2081
2083 -> 2084
2084 -> 1356
2085 -> 2083
2086 -> 1057
2087 -> 2088
2088 -> 2086
2089 -> 73
209 -> 208,272,516
2090 -> 2089
2091 -> 2090
2092 -> 2093
2093 -> 20
2094 -> 2092
2095 -> 2097,2581
2096 -> 1942,2350
2097 -> 2096
2098 -> 2099
2099 -> 829
21 -> 19,230
210 -> 209
2100 -> 2098
2101 -> 1871
2102 -> 2101,2367
2103 -> 2102
2104 -> 2106,2384
2105 -> 1707
2106 -> 2105
2107 -> 2108,2240
2108 -> 2109,2607
2109 -> 1123
211 -> 213,2219
2110 -> 2111
2111 -> 2112
2112 -> 1100
2113 -> 2114
2114 -> 2115
2115 -> 1825,2657
2116 -> 2117
2117 -> 2118
2118 -> 304
2119 -> 1158
212 -> 1452,211
2120 -> 2121
2121 -> 2119
2122 -> 2124
2123 -> 1143
2124 -> 2123
2125 -> 2127
2126 -> 2125
2127 -> 862
2128 -> 2129
2129 -> 2130
213 -> 127,1708
2130 -> 50
2131 -> 1688
2132 -> 2133
2133 -> 2131,2771
2134 -> 2136
2135 -> 1465
2136 -> 2135,2441
2137 -> 2139
2138 -> 1598
2139 -> 2138
214 -> 216,2622
2140 -> 1891
2141 -> 2140
2142 -> 2141
2143 -> 1566
2144 -> 2145
2145 -> 2143
2146 -> 2148
2147 -> 668
2148 -> 2147
2149 -> 2150
215 -> 1586,214,373
2150 -> 2151,2765
2151 -> 416
2152 -> 61
2153 -> 2152
2154 -> 2153
2155 -> 2157
2156 -> 2155
2157 -> 519
2158 -> 1231
2159 -> 2158
216 -> 1130,158,446,581
2160 -> 2159
2161 -> 2162,2976
2162 -> 1137
2163 -> 2161
2164 -> 2165
2165 -> 2166
2166 -> 574
2167 -> 1023
2168 -> 2167
2169 -> 2168
217 -> 178,2758
2170 -> 638
2171 -> 2170,2768
2172 -> 2171
2173 -> 2175
2174 -> 2173
2175 -> 1832,2450
2176 -> 2178
2177 -> 2176
2178 -> 1277
2179 -> 2180
218 -> 219
2180 -> 2181
2181 -> 1410
2182 -> 2183
2183 -> 537
2184 -> 2182
2185 -> 2186
2186 -> 2187
2187 -> 1845
2188 -> 2189,2856
2189 -> 2190
219 -> 217,329,570
2190 -> 1809
2191 -> 2193
2192 -> 2191
2193 -> 1567
2194 -> 2195
2195 -> 2196
2196 -> 1645
2197 -> 2198
2198 -> 2199
2199 -> 1657
22 -> 23,292
220 -> 222
2200 -> 2201
2201 -> 2202
2202 -> 1744
2203 -> 2205
2204 -> 1424
2205 -> 2204
2206 -> 532
2207 -> 2208
2208 -> 2206
2209 -> 2211
221 -> 127,488,703
2210 -> 2209
2211 -> 1410
2212 -> 2214
2213 -> 2212,2333
2214 -> 170
2215 -> 2217,2633
2216 -> 2215
2217 -> 1749
2218 -> 2220
2219 -> 2218
222 -> 221,2374,310,490
2220 -> 211
2221 -> 2223
2222 -> 2221
2223 -> 2003
2224 -> 1931
2225 -> 2226
2226 -> 2224
2227 -> 2228
2228 -> 2229
2229 -> 2624,427
223 -> 1745,224
2230 -> 2232
2231 -> 581
2232 -> 2231
2233 -> 2235
2234 -> 2019,2934
2235 -> 2234,2982
2236 -> 2237
2237 -> 1077
2238 -> 2236
2239 -> 2107
224 -> 45
2240 -> 2241
2241 -> 2239
2242 -> 930
2243 -> 2242
2244 -> 2243
2245 -> 2246
2246 -> 195
2247 -> 2245
2248 -> 1969,2930
2249 -> 2248
225 -> 223
2250 -> 2249
2251 -> 2252
2252 -> 2253
2253 -> 1880
2254 -> 2255
2255 -> 199
2256 -> 2254
2257 -> 2047
2258 -> 2257,2269
2259 -> 2258,2275
226 -> 227
2260 -> 2262,2307
2261 -> 2260
2262 -> 2628,977
2263 -> 2264
2264 -> 1023,2635
2265 -> 2263
2266 -> 2268
2267 -> 350
2268 -> 2267
2269 -> 2270
227 -> 145
2270 -> 2271
2271 -> 2258
2272 -> 2274
2273 -> 1468,2991
2274 -> 2273
2275 -> 2276
2276 -> 2277
2277 -> 2259
2278 -> 2280
2279 -> 2278
228 -> 226
2280 -> 669
2281 -> 2282
2282 -> 26
2283 -> 2281
2284 -> 2285
2285 -> 148
2286 -> 2284
2287 -> 454
2288 -> 2287
2289 -> 2288
229 -> 2011,21,757
2290 -> 1735
2291 -> 2292
2292 -> 2290
2293 -> 1710
2294 -> 2295
2295 -> 2293
2296 -> 2298
2297 -> 2296
2298 -> 107
2299 -> 2301
23 -> 1219,24
230 -> 231,325
2300 -> 2299
2301 -> 165
2302 -> 2303,2409
2303 -> 816
2304 -> 2302
2305 -> 2306
2306 -> 2260
2307 -> 2305
2308 -> 2309
2309 -> 1024
231 -> 229,2817
2310 -> 2308
2311 -> 2312
2312 -> 2819,534
2313 -> 2311
2314 -> 2316
2315 -> 1684
2316 -> 2315
2317 -> 2319
2318 -> 2317
2319 -> 1248
232 -> 2784,390,68
2320 -> 729
2321 -> 2320
2322 -> 2321,2480
2323 -> 2324
2324 -> 2325
2325 -> 1457
2326 -> 2327
2327 -> 2328,2401
2328 -> 1382
2329 -> 597
233 -> 2024,232
2330 -> 2329
2331 -> 2330
2332 -> 2334
2333 -> 2332
2334 -> 2213
2335 -> 2336
2336 -> 710
2337 -> 2335
2338 -> 2340,2530
2339 -> 2415,409
234 -> 233,795
2340 -> 2339
2341 -> 2343,2377
2342 -> 189
2343 -> 2342
2344 -> 409
2345 -> 2344
2346 -> 2345
2347 -> 2348
2348 -> 2349
2349 -> 2065
235 -> 236
2350 -> 2351
2351 -> 2352
2352 -> 2096
2353 -> 2354
2354 -> 2355
2355 -> 157
2356 -> 984
2357 -> 2358,2662
2358 -> 2356
2359 -> 620
236 -> 237
2360 -> 2361
2361 -> 2359,2651
2362 -> 2363,2810
2363 -> 2364
2364 -> 1815
2365 -> 2366,2595
2366 -> 2102
2367 -> 2365
2368 -> 908
2369 -> 2370
237 -> 143
2370 -> 2368
2371 -> 2372
2372 -> 2373
2373 -> 1814
2374 -> 2375
2375 -> 2376
2376 -> 222
2377 -> 2378
2378 -> 2379
2379 -> 2341
238 -> 239,722
2380 -> 477
2381 -> 2382
2382 -> 2380
2383 -> 2385
2384 -> 2383
2385 -> 2104
2386 -> 2388
2387 -> 1679
2388 -> 2387
2389 -> 2391
239 -> 240,992
2390 -> 2389
2391 -> 1760
2392 -> 2394
2393 -> 1959
2394 -> 2393
2395 -> 2397
2396 -> 2395
2397 -> 346
2398 -> 2399
2399 -> 920
24 -> 1,263
240 -> 34
2400 -> 2398
2401 -> 2402
2402 -> 2403
2403 -> 2327
2404 -> 2405
2405 -> 2406
2406 -> 1238,2616
2407 -> 2302
2408 -> 2407
2409 -> 2408
241 -> 475,81
2410 -> 2411
2411 -> 2412
2412 -> 1868
2413 -> 2414,2847
2414 -> 2339
2415 -> 2413,2890
2416 -> 2417
2417 -> 2418
2418 -> 123
2419 -> 2420
242 -> 2008,241,2475,383
2420 -> 2421
2421 -> 994
2422 -> 1296,2469
2423 -> 2424
2424 -> 2422
2425 -> 63
2426 -> 2427
2427 -> 2425
2428 -> 1188
2429 -> 2430
243 -> 242
2430 -> 2428
2431 -> 2432
2432 -> 2433
2433 -> 314
2434 -> 2436
2435 -> 1296
2436 -> 2435
2437 -> 2438
2438 -> 2439
2439 -> 256
244 -> 127,1326,1364,1653,379
2440 -> 2442
2441 -> 2440
2442 -> 2136,2961
2443 -> 2445,2744
2444 -> 1186
2445 -> 2444
2446 -> 2447
2447 -> 2448
2448 -> 1782
2449 -> 2451,2842
245 -> 1254,244
2450 -> 2449
2451 -> 2175
2452 -> 2454,2495
2453 -> 2452,2520
2454 -> 2755,452
2455 -> 2456
2456 -> 169
2457 -> 2455
2458 -> 392
2459 -> 2458
246 -> 245
2460 -> 2459
2461 -> 2462
2462 -> 2463
2463 -> 276
2464 -> 2466
2465 -> 2464
2466 -> 1092
2467 -> 2468
2468 -> 2422
2469 -> 2467
247 -> 187
2470 -> 2471
2471 -> 874
2472 -> 2470
2473 -> 2474
2474 -> 242
2475 -> 2473
2476 -> 2477
2477 -> 1793
2478 -> 2476
2479 -> 2481
248 -> 249,922
2480 -> 2479
2481 -> 2322
2482 -> 692
2483 -> 2482
2484 -> 2483
2485 -> 597
2486 -> 2487
2487 -> 2485
2488 -> 2489
2489 -> 2490
249 -> 247,936
2490 -> 555
2491 -> 2492
2492 -> 2493
2493 -> 787
2494 -> 2496
2495 -> 2494
2496 -> 2452
2497 -> 2499
2498 -> 2497
2499 -> 477
25 -> 26
250 -> 1706,252
2500 -> 2794,928
2501 -> 2502
2502 -> 2500
2503 -> 2504
2504 -> 2505
2505 -> 1511,2734
2506 -> 2508
2507 -> 2506
2508 -> 1731
2509 -> 1192
251 -> 250
2510 -> 2509
2511 -> 2510
2512 -> 2514
2513 -> 2512
2514 -> 887
2515 -> 2516
2516 -> 2517
2517 -> 1670
2518 -> 2519
2519 -> 2453
252 -> 53
2520 -> 2518
2521 -> 1932,2805
2522 -> 2523
2523 -> 2521
2524 -> 2526
2525 -> 2524
2526 -> 1777
2527 -> 2528,2691
2528 -> 2529
2529 -> 1135
253 -> 1845,42
2530 -> 2532
2531 -> 2338
2532 -> 2531
2533 -> 2535
2534 -> 2533
2535 -> 641
2536 -> 2538
2537 -> 2536
2538 -> 1381
2539 -> 2540
254 -> 1960,253
2540 -> 2541
2541 -> 1458
2542 -> 2544
2543 -> 677
2544 -> 2543
2545 -> 2547
2546 -> 2545
2547 -> 620
2548 -> 186
2549 -> 2548
255 -> 254
2550 -> 2549
2551 -> 2552
2552 -> 2553
2553 -> 561
2554 -> 2556
2555 -> 2042
2556 -> 2555
2557 -> 2559
2558 -> 2557
2559 -> 1564
256 -> 2034,2437,258,779
2560 -> 954
2561 -> 2560
2562 -> 2561
2563 -> 2565
2564 -> 1286
2565 -> 2564
2566 -> 975
2567 -> 2566
2568 -> 2567
2569 -> 2570
257 -> 180
2570 -> 2571
2571 -> 1726
2572 -> 1833
2573 -> 2574,2683
2574 -> 2572
2575 -> 2577
2576 -> 184
2577 -> 2576
2578 -> 2579
2579 -> 2580
258 -> 1029,257
2580 -> 1646
2581 -> 2582
2582 -> 2583
2583 -> 2095
2584 -> 776
2585 -> 2584
2586 -> 2585
2587 -> 2588
2588 -> 2589
2589 -> 1489
259 -> 260
2590 -> 1031
2591 -> 2592
2592 -> 2590
2593 -> 2365
2594 -> 2593
2595 -> 2594
2596 -> 2597
2597 -> 2598
2598 -> 1999
2599 -> 2600
26 -> 203,2283,2645,27
260 -> 196
2600 -> 2601
2601 -> 1927
2602 -> 2604
2603 -> 314
2604 -> 2603
2605 -> 2108
2606 -> 2605
2607 -> 2606
2608 -> 314
2609 -> 2608
261 -> 259
2610 -> 2609
2611 -> 2613
2612 -> 2611
2613 -> 118
2614 -> 2615
2615 -> 2406
2616 -> 2614
2617 -> 2618
2618 -> 2619
2619 -> 376
262 -> 24
2620 -> 2621
2621 -> 214
2622 -> 2620
2623 -> 2229
2624 -> 2625
2625 -> 2623
2626 -> 2262
2627 -> 2626
2628 -> 2627
2629 -> 1514
263 -> 1149,264
2630 -> 2631
2631 -> 2629
2632 -> 2215
2633 -> 2634
2634 -> 2632
2635 -> 2636
2636 -> 2637
2637 -> 2264
2638 -> 1025
2639 -> 2640
264 -> 262,925
2640 -> 2638
2641 -> 2643
2642 -> 675
2643 -> 2642
2644 -> 26
2645 -> 2646
2646 -> 2644
2647 -> 905
2648 -> 2649
2649 -> 2647
265 -> 266,378
2650 -> 2652
2651 -> 2650
2652 -> 2361
2653 -> 2655
2654 -> 1145
2655 -> 2654
2656 -> 2115
2657 -> 2658
2658 -> 2656
2659 -> 2660
266 -> 267
2660 -> 2661
2661 -> 1225
2662 -> 2664
2663 -> 2357
2664 -> 2663
2665 -> 2666
2666 -> 2667,2941
2667 -> 831
2668 -> 2670
2669 -> 462
267 -> 61
2670 -> 2669
2671 -> 2672
2672 -> 343
2673 -> 2671
2674 -> 2675
2675 -> 2676
2676 -> 2904,971
2677 -> 2679
2678 -> 1437
2679 -> 2678
268 -> 269
2680 -> 2682
2681 -> 2680
2682 -> 1905
2683 -> 2685
2684 -> 2573
2685 -> 2684
2686 -> 2061
2687 -> 2688
2688 -> 2686
2689 -> 2527
269 -> 113
2690 -> 2689
2691 -> 2690
2692 -> 2693
2693 -> 2694
2694 -> 329
2695 -> 2697
2696 -> 2695
2697 -> 551
2698 -> 2700
2699 -> 2047
27 -> 14
270 -> 268
2700 -> 2699
2701 -> 1483
2702 -> 2701
2703 -> 2702
2704 -> 2706
2705 -> 1326
2706 -> 2705
2707 -> 864
2708 -> 2709
2709 -> 2707
271 -> 209
2710 -> 1869
2711 -> 2710
2712 -> 2711
2713 -> 2714
2714 -> 117
2715 -> 2713
2716 -> 655
2717 -> 2718
2718 -> 2716
2719 -> 2720
272 -> 273
2720 -> 854
2721 -> 2719
2722 -> 2723
2723 -> 1589
2724 -> 2722
2725 -> 2726
2726 -> 1928
2727 -> 2725
2728 -> 2730
2729 -> 1519
273 -> 271
2730 -> 2729,2835
2731 -> 2733
2732 -> 1829
2733 -> 2732
2734 -> 2735
2735 -> 2736
2736 -> 2505
2737 -> 2739
2738 -> 2737
2739 -> 47
274 -> 1224,1966,40,857
2740 -> 689
2741 -> 2740
2742 -> 2741
2743 -> 2745
2744 -> 2743
2745 -> 2443
2746 -> 2747
2747 -> 1806
2748 -> 2746
2749 -> 2750
275 -> 274
2750 -> 2751
2751 -> 2954,796
2752 -> 2754
2753 -> 2752,2861
2754 -> 175
2755 -> 2757
2756 -> 2454
2757 -> 2756
2758 -> 2760
2759 -> 217
276 -> 2461,275
2760 -> 2759
2761 -> 496
2762 -> 2761
2763 -> 2762,2935
2764 -> 2150
2765 -> 2766
2766 -> 2764
2767 -> 2769
2768 -> 2767
2769 -> 2171
277 -> 200,461
2770 -> 2772
2771 -> 2770
2772 -> 2133
2773 -> 1678
2774 -> 2773
2775 -> 2774
2776 -> 2778
2777 -> 2776
2778 -> 1573
2779 -> 2780
278 -> 1772,277,712
2780 -> 199
2781 -> 2779
2782 -> 2783
2783 -> 232
2784 -> 2782
2785 -> 2787
2786 -> 2785
2787 -> 1746
2788 -> 2789
2789 -> 2790
279 -> 278,874
2790 -> 2002
2791 -> 2793
2792 -> 1604
2793 -> 2792
2794 -> 2795
2795 -> 2796
2796 -> 2500
2797 -> 1102
2798 -> 2797
2799 -> 2798
28 -> 1503,2,469
280 -> 282
2800 -> 1391
2801 -> 2800
2802 -> 2801
2803 -> 2804
2804 -> 2521
2805 -> 2803
2806 -> 2807
2807 -> 536
2808 -> 2806
2809 -> 2362
281 -> 531,65
2810 -> 2811
2811 -> 2809
2812 -> 2813
2813 -> 2814
2814 -> 500
2815 -> 231
2816 -> 2815
2817 -> 2816
2818 -> 2820
2819 -> 2818
282 -> 1606,281
2820 -> 2312
2821 -> 1356
2822 -> 2823
2823 -> 2821
2824 -> 2826
2825 -> 2824
2826 -> 1478
2827 -> 848
2828 -> 2829
2829 -> 2827
283 -> 284,2920
2830 -> 988
2831 -> 2832
2832 -> 2830
2833 -> 2730
2834 -> 2833
2835 -> 2834
2836 -> 2837
2837 -> 2838
2838 -> 659
2839 -> 2841
284 -> 33
2840 -> 291
2841 -> 2840
2842 -> 2844
2843 -> 2449
2844 -> 2843
2845 -> 2413
2846 -> 2845
2847 -> 2846,2924
2848 -> 1369
2849 -> 2848
285 -> 283
2850 -> 2849
2851 -> 166
2852 -> 2851
2853 -> 2852
2854 -> 2855
2855 -> 2188
2856 -> 2854
2857 -> 1894
2858 -> 2857
2859 -> 2858
286 -> 73
2860 -> 2862
2861 -> 2860
2862 -> 2753
2863 -> 2864
2864 -> 747
2865 -> 2863
2866 -> 2868
2867 -> 2866
2868 -> 1031
2869 -> 724
287 -> 288,945
2870 -> 2869
2871 -> 2870
2872 -> 862
2873 -> 2872
2874 -> 2873
2875 -> 2877
2876 -> 1275
2877 -> 2876
2878 -> 917
2879 -> 2880
288 -> 286
2880 -> 2878
2881 -> 2882
2882 -> 2883
2883 -> 1807
2884 -> 2885
2885 -> 1807
2886 -> 2884
2887 -> 1745
2888 -> 2889
2889 -> 2887
289 -> 291,640,693
2890 -> 2891
2891 -> 2892
2892 -> 2415
2893 -> 2895
2894 -> 1325
2895 -> 2894
2896 -> 2898
2897 -> 588
2898 -> 2897
2899 -> 2900
29 -> 1358,28
290 -> 289
2900 -> 551
2901 -> 2899
2902 -> 2903
2903 -> 2676
2904 -> 2902
2905 -> 2906
2906 -> 480
2907 -> 2905
2908 -> 399
2909 -> 2910
291 -> 196,2839
2910 -> 2908
2911 -> 2912
2912 -> 812
2913 -> 2911
2914 -> 711
2915 -> 2914
2916 -> 2915
2917 -> 1848
2918 -> 2917
2919 -> 2918
292 -> 1405,293,408
2920 -> 2921
2921 -> 2922
2922 -> 283
2923 -> 2925
2924 -> 2923
2925 -> 2847
2926 -> 2927
2927 -> 1995
2928 -> 2926
2929 -> 2248
293 -> 294,466,508
2930 -> 2931
2931 -> 2929,2999
2932 -> 2234
2933 -> 2932
2934 -> 2933
2935 -> 2936
2936 -> 2937
2937 -> 2763
2938 -> 2940
2939 -> 190,2997
294 -> 22
2940 -> 2939
2941 -> 2943
2942 -> 2666
2943 -> 2942
2944 -> 2945
2945 -> 2946
2946 -> 843
2947 -> 2948
2948 -> 697
2949 -> 2947
295 -> 296
2950 -> 641
2951 -> 2952
2952 -> 2950
2953 -> 2955
2954 -> 2953
2955 -> 2751
2956 -> 2958
2957 -> 1981
2958 -> 2957
2959 -> 2442
296 -> 297
2960 -> 2959
2961 -> 2960
2962 -> 2964
2963 -> 1073,2969
2964 -> 2963
2965 -> 2966
2966 -> 2967
2967 -> 134
2968 -> 2963
2969 -> 2970
297 -> 48
2970 -> 2968
2971 -> 2972
2972 -> 121
2973 -> 2971
2974 -> 2975
2975 -> 2161
2976 -> 2974
2977 -> 2979
2978 -> 2977
2979 -> 1503
298 -> 300,965
2980 -> 2981
2981 -> 2235
2982 -> 2980
2983 -> 2985
2984 -> 2983
2985 -> 307
2986 -> 2988
2987 -> 2986
2988 -> 1542
2989 -> 2273
299 -> 169,464
2990 -> 2989
2991 -> 2990
2992 -> 1093
2993 -> 2994
2994 -> 2992
2995 -> 2939
2996 -> 2995
2997 -> 2996
2998 -> 3000
2999 -> 2998
3 -> 2,5
30 -> 29,36,630
300 -> 299,590
3000 -> 2931
301 -> 302,497
302 -> 1955,303,665
303 -> 204,356
304 -> 146,1752,2116
305 -> 306,322,849
306 -> 304
307 -> 2984,66
308 -> 307
309 -> 308
31 -> 32
310 -> 312
311 -> 222
312 -> 311,364
313 -> 315
314 -> 1,2431,2602,2610
315 -> 314
316 -> 317,451
317 -> 118,2057
318 -> 316
319 -> 1080,1753,9
32 -> 10
320 -> 319,724
321 -> 1283,320
322 -> 324
323 -> 305,633
324 -> 2004,323
325 -> 327
326 -> 230,706
327 -> 326
328 -> 219
329 -> 2692,330
33 -> 285,31,687
330 -> 328
331 -> 332
332 -> 62
333 -> 331
334 -> 335,883
335 -> 336,429
336 -> 500,97
337 -> 187
338 -> 339
339 -> 337
34 -> 238,30
340 -> 341
341 -> 15
342 -> 1721,340
343 -> 2673,81
344 -> 343
345 -> 1116,1757,344,675
346 -> 2396,348,877
347 -> 1526,346
348 -> 838,84
349 -> 184
35 -> 34,911
350 -> 2266,349
351 -> 350
352 -> 354,552
353 -> 352
354 -> 194,434
355 -> 357
356 -> 1225,355,866
357 -> 303
358 -> 360
359 -> 358
36 -> 1087,35
360 -> 186
361 -> 1
362 -> 361
363 -> 1291,362
364 -> 365
365 -> 1794,366
366 -> 312
367 -> 92
368 -> 369
369 -> 367
37 -> 38
370 -> 371
371 -> 372
372 -> 100
373 -> 375
374 -> 1058,215,455
375 -> 1692,374,562
376 -> 1976,2617,377
377 -> 265
378 -> 1146,1367,1782,376
379 -> 381
38 -> 39
380 -> 244
381 -> 380
382 -> 384,774
383 -> 1266,382
384 -> 242
385 -> 386,861
386 -> 118,810
387 -> 385
388 -> 389
389 -> 232
39 -> 106,1175,4
390 -> 388
391 -> 392,426
392 -> 189,2460
393 -> 391
394 -> 396
395 -> 117,765
396 -> 395
397 -> 398
398 -> 399,511,532
399 -> 11,2909
4 -> 12,37,6,61
40 -> 129,276,9
400 -> 402
401 -> 50
402 -> 401
403 -> 573,84
404 -> 1741,403
405 -> 404
406 -> 407
407 -> 1829,2020,292
408 -> 406
409 -> 2338,2346,410
41 -> 40
410 -> 173
411 -> 409
412 -> 1110,414
413 -> 1886,412
414 -> 207,588
415 -> 1369,416
416 -> 1953,2149,417
417 -> 201
418 -> 419
419 -> 420
42 -> 255,41,430
420 -> 113,1143
421 -> 1490,423
422 -> 89
423 -> 422,606
424 -> 391
425 -> 1041,424
426 -> 425
427 -> 2227,428
428 -> 335
429 -> 1925,427
43 -> 45
430 -> 431
431 -> 432
432 -> 1060,42
433 -> 435,820
434 -> 433
435 -> 354
436 -> 437
437 -> 438
438 -> 103,982,990
439 -> 441
44 -> 43,47
440 -> 439
441 -> 1939,81
442 -> 444
443 -> 442
444 -> 125,624
445 -> 216
446 -> 447
447 -> 445
448 -> 104,1083,1460,577
449 -> 1483,450
45 -> 1165,225,52,69,7
450 -> 448,554
451 -> 1551,452
452 -> 2453,453
453 -> 1766,316
454 -> 2289,456
455 -> 454
456 -> 374,845
457 -> 458
458 -> 203,952
459 -> 1285,457
46 -> 1093,48,92
460 -> 462
461 -> 460,493
462 -> 1511,2668,277
463 -> 465
464 -> 463
465 -> 299
466 -> 468
467 -> 293
468 -> 1308,467
469 -> 470
47 -> 2738,46,70
470 -> 471,574,614
471 -> 28,479
472 -> 474
473 -> 1066,472
474 -> 56
475 -> 476
476 -> 477
477 -> 1317,2381,241,2498
478 -> 1151,480
479 -> 1867,478
48 -> 295,44,65
480 -> 1022,2028,2907,471
481 -> 482
482 -> 105
483 -> 1201,481,734
484 -> 13
485 -> 1270,484
486 -> 485
487 -> 221
488 -> 489
489 -> 487
49 -> 51,881
490 -> 1044,492
491 -> 222,518
492 -> 2080,491
493 -> 495,681
494 -> 1841,461,526
495 -> 494,750
496 -> 2763,301
497 -> 498
498 -> 496,720
499 -> 501
5 -> 144,4
50 -> 2128,400,49
500 -> 2812,499,520,607
501 -> 1732,1909,336
502 -> 503,871
503 -> 504
504 -> 82
505 -> 506
506 -> 62
507 -> 505
508 -> 2074,510,746
509 -> 293
51 -> 0,1381
510 -> 509,742
511 -> 512
512 -> 513
513 -> 398
514 -> 515
515 -> 209
516 -> 514
517 -> 519
518 -> 517,916
519 -> 2156,491,543
52 -> 1076,54
520 -> 521
521 -> 522,621,741,790
522 -> 500
523 -> 524
524 -> 525,906
525 -> 165,769,987
526 -> 527,593
527 -> 528
528 -> 494
529 -> 1797,281
53 -> 251,45
530 -> 529
531 -> 530
532 -> 2207,534
533 -> 398,702
534 -> 2313,533
535 -> 186
536 -> 2808,537
537 -> 2184,535
538 -> 1864,540,783
539 -> 538
54 -> 53,850
540 -> 175
541 -> 542
542 -> 519,807
543 -> 2050,541
544 -> 545,653
545 -> 90
546 -> 1380,544
547 -> 195
548 -> 549
549 -> 547
55 -> 112,1353,1846,57
550 -> 1162,352
551 -> 2696,2901,550,649
552 -> 551
553 -> 555
554 -> 553
555 -> 2488,450
556 -> 558
557 -> 556
558 -> 189
559 -> 121
56 -> 473,55
560 -> 561
561 -> 2551,559,784
562 -> 563
563 -> 564
564 -> 375
565 -> 122
566 -> 565,657
567 -> 566
568 -> 1638,219,930
569 -> 568
57 -> 118,7
570 -> 1528,569
571 -> 572
572 -> 403
573 -> 571
574 -> 2164,576
575 -> 1650,470,901
576 -> 575
577 -> 579
578 -> 448
579 -> 578,777
58 -> 59
580 -> 216,618
581 -> 2230,582
582 -> 580
583 -> 192
584 -> 1073,585
585 -> 583,755
586 -> 1295,414,813
587 -> 586
588 -> 2896,587,801
589 -> 300
59 -> 10,110,2036
590 -> 591
591 -> 589
592 -> 1005,594,599
593 -> 592
594 -> 526
595 -> 1693,175,1897,612
596 -> 1132,1857,597
597 -> 2331,2486,595
598 -> 1412,600
599 -> 598
6 -> 1297,3,711
60 -> 1442,58
600 -> 592
601 -> 603
602 -> 601
603 -> 1409,198
604 -> 423
605 -> 604
606 -> 605
607 -> 608
608 -> 609
609 -> 500
61 -> 2154,265,63
610 -> 1126,611
611 -> 595
612 -> 610
613 -> 470
614 -> 1675,615
615 -> 613
616 -> 617
617 -> 1046,580
618 -> 2030,616
619 -> 521,802
62 -> 102,333,4,507,88
620 -> 2360,2546,619
621 -> 1338,620
622 -> 1448,623,999
623 -> 444
624 -> 622
625 -> 148
626 -> 625,717,963
627 -> 1210,1808,626
628 -> 629
629 -> 30,766,915
63 -> 2426,62
630 -> 1783,628
631 -> 1276,323
632 -> 631
633 -> 632,825
634 -> 635
635 -> 870,92
636 -> 1064,634,644
637 -> 89
638 -> 2172,637
639 -> 638
64 -> 174,48,76
640 -> 642
641 -> 2534,289,2951
642 -> 641
643 -> 1010,636
644 -> 645
645 -> 643
646 -> 648,668
647 -> 646
648 -> 132
649 -> 650
65 -> 280,66
650 -> 651
651 -> 1934,551
652 -> 1038,544
653 -> 654
654 -> 1257,652
655 -> 2717,566
656 -> 655
657 -> 1547,656
658 -> 660
659 -> 2836,90
66 -> 191,309,64,689
660 -> 659
661 -> 81
662 -> 661
663 -> 662
664 -> 302
665 -> 666
666 -> 1749,664,671
667 -> 669
668 -> 2146,667
669 -> 2279,646
67 -> 134,205,45
670 -> 666
671 -> 1246,672
672 -> 670
673 -> 674
674 -> 345,736
675 -> 1563,2641,673
676 -> 1199,93
677 -> 2542,678,978
678 -> 676
679 -> 493
68 -> 234,67
680 -> 679
681 -> 680
682 -> 684
683 -> 682
684 -> 1196,147,1900,797
685 -> 33
686 -> 1569,685
687 -> 686
688 -> 66,730
689 -> 2742,690
69 -> 68,84
690 -> 688
691 -> 289
692 -> 1228,2484,691
693 -> 692
694 -> 695
695 -> 113
696 -> 694
697 -> 2949,699,853
698 -> 193
699 -> 698
7 -> 44,56,9
70 -> 71
700 -> 701
701 -> 533
702 -> 1396,1506,700
703 -> 705
704 -> 221
705 -> 704
706 -> 708
707 -> 326
708 -> 707
709 -> 6
71 -> 149,72,80
710 -> 1480,2337,709
711 -> 2916,710
712 -> 1628,713
713 -> 714
714 -> 278
715 -> 626
716 -> 1320,1726,715
717 -> 1334,716
718 -> 498
719 -> 1631,718
72 -> 47
720 -> 1348,719,789
721 -> 723
722 -> 721
723 -> 1401,238,761
724 -> 2871,726
725 -> 320
726 -> 725
727 -> 1032,729,817
728 -> 727
729 -> 1239,140,2322
73 -> 1259,139,1698,2091,287,74
730 -> 731
731 -> 732
732 -> 688
733 -> 735
734 -> 1157,733
735 -> 1312,483
736 -> 737
737 -> 738
738 -> 674
739 -> 521
74 -> 75,98
740 -> 739,891
741 -> 740
742 -> 1048,743
743 -> 1354,744
744 -> 510
745 -> 747
746 -> 745
747 -> 2865,508
748 -> 495,898
749 -> 748
75 -> 17
750 -> 749
751 -> 752
752 -> 1876,753
753 -> 197,827
754 -> 1810,756,907
755 -> 754
756 -> 1102,1263,585
757 -> 758
758 -> 759
759 -> 229
76 -> 1614,78
760 -> 723
761 -> 762
762 -> 1624,760
763 -> 764
764 -> 395
765 -> 763
766 -> 767
767 -> 1025,768
768 -> 629
769 -> 771
77 -> 64
770 -> 525
771 -> 770
772 -> 773
773 -> 382
774 -> 772
775 -> 579
776 -> 1055,1565,2586,775
777 -> 776
778 -> 256
779 -> 780
78 -> 77
780 -> 778
781 -> 538
782 -> 781
783 -> 782
784 -> 1289,1680,786
785 -> 561
786 -> 785
787 -> 2491,788
788 -> 1883,720
789 -> 787
79 -> 71,86
790 -> 791
791 -> 1267,1739,792
792 -> 521
793 -> 794
794 -> 1522,234
795 -> 793
796 -> 2749,798
797 -> 796
798 -> 1832,684
799 -> 588
8 -> 1
80 -> 81
800 -> 799,842
801 -> 800
802 -> 804
803 -> 619
804 -> 803
805 -> 1713,542
806 -> 805
807 -> 1545,806,833
808 -> 1171,386
809 -> 808,950
81 -> 243,345,440,663,79
810 -> 809
811 -> 812,814
812 -> 1942,2913,586
813 -> 811
814 -> 815
815 -> 816
816 -> 2304,811
817 -> 818
818 -> 819
819 -> 1819,727
82 -> 502,69
820 -> 822
821 -> 433
822 -> 821
823 -> 1112,633
824 -> 823
825 -> 824
826 -> 1417,753
827 -> 828
828 -> 826
829 -> 2100,830
83 -> 82
830 -> 11,1435
831 -> 1205,2665,829
832 -> 1191,834
833 -> 832
834 -> 1345,807
835 -> 124
836 -> 835
837 -> 836
838 -> 839
839 -> 840
84 -> 347,405,83
840 -> 348
841 -> 843,942
842 -> 841
843 -> 1922,2944,800
844 -> 456
845 -> 846
846 -> 844
847 -> 1736,305
848 -> 2828,847
849 -> 1930,848
85 -> 1099,176,87
850 -> 852
851 -> 1014,54
852 -> 851
853 -> 2017,855,886
854 -> 1329,2721,697
855 -> 854
856 -> 274
857 -> 858
858 -> 856
859 -> 385
86 -> 85,95
860 -> 859
861 -> 1374,860
862 -> 2126,2874,90
863 -> 1192,864
864 -> 2708,862,932
865 -> 867
866 -> 865
867 -> 1494,356
868 -> 635
869 -> 868
87 -> 79
870 -> 1634,869
871 -> 872
872 -> 873
873 -> 502
874 -> 2472,875
875 -> 1179,876
876 -> 1002,279
877 -> 878
878 -> 879
879 -> 346
88 -> 90
880 -> 882
881 -> 880,937
882 -> 1098,49
883 -> 1473,1579,885
884 -> 334
885 -> 884
886 -> 887,921
887 -> 2513,888
888 -> 853,973
889 -> 890
89 -> 1385,421,62,639
890 -> 740
891 -> 1240,889
892 -> 894
893 -> 1187,130
894 -> 2005,893
895 -> 897
896 -> 895
897 -> 1791,19
898 -> 899
899 -> 900
9 -> 152,321,42,8
90 -> 1183,167,185,546,658,863,89
900 -> 748
901 -> 1217,903
902 -> 575
903 -> 902,947
904 -> 524
905 -> 2648,904
906 -> 905
907 -> 1020,908
908 -> 2369,909
909 -> 754
91 -> 131,46
910 -> 912
911 -> 1301,1641,910
912 -> 35
913 -> 914
914 -> 629
915 -> 913
916 -> 918
917 -> 2879,518
918 -> 917
919 -> 886
92 -> 116,368,636,93
920 -> 1416,2400,919
921 -> 920
922 -> 924
923 -> 248
924 -> 923
925 -> 926
926 -> 927
927 -> 264
928 -> 2501,568
929 -> 928
93 -> 677,91
930 -> 2244,929
931 -> 933
932 -> 931
933 -> 864
934 -> 1360,249
935 -> 934
936 -> 935
937 -> 939
938 -> 1231,881
939 -> 938
94 -> 86
940 -> 841
941 -> 1007,940
942 -> 941
943 -> 944
944 -> 287
945 -> 943
946 -> 903
947 -> 948
948 -> 946
949 -> 951
95 -> 96
950 -> 949
951 -> 809
952 -> 954
953 -> 1122,1440,1716,458
954 -> 2562,953
955 -> 956
956 -> 149
957 -> 1986,955
958 -> 103
959 -> 958
96 -> 94
960 -> 959
961 -> 962
962 -> 626
963 -> 961
964 -> 298
965 -> 966
966 -> 964
967 -> 969
968 -> 194
969 -> 968
97 -> 334,74
970 -> 972
971 -> 129,2674
972 -> 971,995
973 -> 1915,974
974 -> 975
975 -> 2568,888
976 -> 977
977 -> 2261,677
978 -> 976
979 -> 148
98 -> 99
980 -> 979
981 -> 980
982 -> 1234,984
983 -> 438
984 -> 2357,983
985 -> 525
986 -> 1390,985
987 -> 1466,986
988 -> 2831,989
989 -> 438
99 -> 97
990 -> 988
991 -> 993
992 -> 991
993 -> 239
994 -> 2419,972
995 -> 996
996 -> 1657,994
997 -> 622
998 -> 997
999 -> 998